Test case : MK01
140 seeds result : [42, 46, 46, 43, 45, 48, 42, 42, 45, 42, 42, 45, 42, 48, 44, 48, 42, 42, 42, 42, 46, 43, 45, 44, 46, 44, 46, 45, 46, 43, 42, 45, 46, 42, 42, 43, 43, 44, 46, 42, 42, 42, 49, 48, 50, 42, 46, 44, 44, 49, 47, 44, 45, 42, 42, 42, 43, 42, 43, 46, 42, 43, 47, 46, 48, 46, 42, 42, 50, 45, 46, 42, 45, 43, 44, 42, 42, 42, 42, 42, 42, 42, 47, 46, 46, 42, 44, 46, 47, 46, 42, 42, 42, 42, 46, 42, 48, 45, 45, 45, 42, 42, 42, 42, 42, 42, 42, 42, 42, 42, 45, 42, 43, 42, 42, 42, 42, 42, 42, 42, 42, 42, 42, 42, 42, 42, 44, 44, 42, 46, 42, 41, 42, 42, 45, 42, 42, 46, 45, 42]
The best : 41 	 time : 0.341

Test case : MK02
140 seeds result : [31, 30, 34, 31, 37, 32, 33, 34, 32, 32, 32, 31, 35, 32, 32, 35, 33, 32, 36, 33, 34, 33, 34, 30, 33, 31, 31, 33, 29, 32, 32, 34, 32, 34, 30, 32, 31, 32, 32, 33, 33, 33, 31, 31, 32, 31, 34, 31, 35, 32, 33, 33, 32, 33, 31, 31, 31, 34, 33, 34, 34, 32, 34, 35, 34, 33, 33, 33, 35, 33, 33, 33, 31, 32, 32, 34, 31, 34, 33, 32, 32, 34, 33, 34, 31, 34, 32, 31, 33, 32, 32, 33, 32, 30, 31, 32, 34, 31, 33, 34, 31, 32, 32, 32, 32, 31, 32, 32, 32, 32, 32, 32, 33, 33, 33, 34, 33, 32, 31, 32, 33, 32, 33, 32, 32, 31, 33, 32, 32, 31, 32, 32, 31, 33, 32, 32, 33, 32, 34, 32]
The best : 29 	 time : 6.614

Test case : MK03
140 seeds result : [205, 204, 208, 204, 204, 204, 204, 212, 222, 211, 211, 205, 204, 205, 206, 207, 205, 204, 204, 204, 207, 205, 206, 204, 216, 204, 207, 207, 211, 204, 204, 204, 207, 204, 206, 205, 207, 205, 204, 205, 215, 204, 204, 204, 205, 204, 208, 204, 208, 204, 204, 205, 211, 206, 204, 214, 204, 204, 204, 204, 210, 204, 204, 205, 211, 204, 205, 216, 204, 211, 204, 205, 204, 204, 204, 214, 214, 204, 204, 207, 204, 207, 218, 204, 204, 205, 211, 207, 213, 204, 208, 204, 204, 204, 204, 211, 220, 207, 204, 205, 204, 204, 204, 204, 204, 204, 204, 204, 204, 209, 204, 204, 204, 208, 204, 204, 207, 204, 210, 204, 204, 205, 204, 204, 204, 204, 205, 205, 204, 204, 204, 204, 204, 205, 204, 205, 204, 205, 207, 209]
The best : 204 	 time : 2.949

Test case : MK04
140 seeds result : [74, 79, 76, 72, 78, 74, 78, 78, 75, 69, 77, 74, 75, 76, 81, 77, 79, 69, 74, 75, 70, 73, 76, 73, 79, 74, 76, 73, 75, 73, 79, 72, 76, 76, 76, 82, 77, 72, 67, 76, 75, 77, 71, 73, 73, 75, 76, 73, 76, 76, 67, 75, 73, 72, 76, 80, 74, 72, 74, 73, 76, 78, 71, 74, 76, 75, 74, 70, 75, 69, 76, 78, 72, 77, 73, 73, 71, 76, 81, 69, 75, 80, 71, 73, 71, 73, 76, 78, 71, 75, 72, 73, 73, 76, 79, 75, 76, 73, 75, 73, 70, 73, 68, 68, 68, 67, 71, 66, 68, 68, 75, 68, 69, 69, 67, 68, 67, 68, 73, 68, 66, 70, 67, 69, 70, 70, 68, 71, 67, 67, 67, 67, 67, 71, 68, 67, 71, 68, 67, 70]
The best : 66 	 time : 0.784

Test case : MK05
140 seeds result : [179, 180, 182, 185, 188, 183, 185, 179, 184, 186, 178, 185, 178, 184, 178, 185, 186, 182, 189, 186, 183, 181, 189, 187, 189, 185, 183, 183, 188, 180, 183, 188, 182, 186, 182, 189, 190, 187, 183, 186, 181, 180, 180, 184, 182, 185, 181, 185, 180, 189, 181, 185, 184, 181, 184, 182, 184, 188, 188, 183, 187, 185, 185, 185, 190, 185, 183, 189, 186, 187, 183, 183, 188, 182, 184, 186, 188, 192, 183, 182, 182, 180, 182, 184, 185, 190, 188, 190, 183, 186, 188, 179, 189, 181, 189, 188, 185, 182, 186, 182, 178, 180, 179, 179, 181, 181, 180, 179, 177, 184, 182, 179, 179, 183, 180, 186, 181, 180, 177, 178, 181, 179, 180, 181, 180, 178, 179, 181, 181, 180, 180, 183, 182, 179, 180, 180, 180, 179, 181, 179]
The best : 177 	 time : 9.641

Test case : MK06
140 seeds result : [93, 85, 82, 85, 85, 88, 87, 82, 79, 81, 80, 86, 81, 85, 84, 89, 81, 81, 88, 84, 89, 83, 92, 85, 84, 82, 79, 83, 86, 85, 85, 82, 85, 84, 86, 88, 87, 85, 80, 82, 82, 77, 80, 86, 93, 77, 81, 83, 81, 91, 82, 83, 79, 93, 89, 79, 80, 82, 89, 90, 83, 84, 83, 83, 80, 83, 86, 85, 82, 82, 88, 82, 85, 90, 88, 80, 75, 87, 83, 85, 83, 95, 85, 84, 86, 85, 86, 88, 88, 89, 90, 83, 83, 85, 89, 80, 79, 88, 81, 86, 77, 76, 75, 77, 78, 77, 78, 75, 78, 77, 76, 72, 78, 76, 77, 77, 75, 75, 75, 77, 76, 76, 77, 75, 77, 78, 73, 75, 77, 76, 76, 74, 75, 82, 75, 75, 76, 76, 77, 76]
The best : 72 	 time : 20.676

Test case : MK07
140 seeds result : [166, 160, 163, 159, 155, 166, 163, 169, 167, 159, 155, 160, 159, 163, 157, 170, 170, 162, 171, 162, 154, 159, 166, 167, 155, 158, 165, 166, 159, 163, 162, 158, 163, 165, 168, 164, 164, 164, 163, 165, 159, 163, 155, 165, 157, 163, 166, 154, 154, 165, 171, 160, 172, 168, 160, 157, 163, 151, 161, 164, 156, 162, 155, 158, 158, 174, 160, 172, 158, 160, 155, 162, 159, 174, 148, 172, 168, 162, 169, 171, 160, 169, 157, 168, 165, 156, 158, 170, 164, 169, 158, 158, 160, 157, 176, 159, 160, 160, 154, 170, 158, 161, 158, 160, 156, 155, 154, 162, 159, 154, 157, 155, 156, 159, 154, 158, 157, 157, 155, 163, 153, 153, 150, 153, 154, 160, 156, 152, 154, 157, 149, 154, 155, 156, 155, 154, 155, 156, 157, 157]
The best : 148 	 time : 2.508

Test case : MK08
140 seeds result : [525, 529, 547, 538, 564, 539, 546, 556, 542, 563, 533, 554, 523, 552, 547, 531, 523, 567, 564, 600, 551, 561, 557, 545, 559, 584, 570, 531, 523, 560, 539, 550, 542, 523, 580, 536, 536, 537, 553, 545, 569, 546, 528, 532, 553, 523, 523, 526, 540, 540, 527, 544, 536, 547, 556, 523, 572, 553, 574, 569, 556, 538, 534, 577, 552, 555, 583, 544, 548, 569, 535, 542, 535, 552, 564, 523, 554, 563, 588, 533, 538, 536, 526, 528, 523, 573, 578, 564, 584, 543, 532, 525, 559, 524, 530, 533, 566, 523, 561, 566, 523, 537, 554, 523, 525, 541, 523, 528, 534, 531, 523, 523, 529, 523, 525, 523, 527, 523, 536, 531, 527, 523, 523, 530, 548, 523, 525, 523, 523, 545, 530, 575, 542, 543, 523, 536, 525, 523, 542, 523]
The best : 523 	 time : 8.087

Test case : MK09
140 seeds result : [380, 360, 383, 360, 375, 377, 376, 392, 388, 418, 372, 362, 408, 357, 376, 381, 380, 400, 350, 366, 375, 388, 380, 414, 377, 398, 388, 368, 409, 381, 381, 391, 398, 402, 401, 387, 371, 386, 375, 382, 373, 367, 412, 375, 380, 392, 384, 397, 366, 366, 359, 393, 398, 384, 424, 356, 400, 375, 363, 389, 373, 387, 375, 366, 385, 383, 402, 391, 400, 379, 374, 387, 366, 398, 385, 380, 367, 365, 373, 435, 403, 367, 380, 403, 338, 370, 385, 366, 390, 376, 375, 375, 371, 374, 384, 356, 403, 356, 365, 391, 369, 369, 379, 386, 363, 349, 375, 368, 364, 347, 350, 341, 362, 349, 340, 368, 359, 349, 370, 345, 347, 360, 337, 351, 359, 395, 359, 358, 351, 337, 351, 361, 350, 366, 346, 353, 343, 349, 370, 334]
The best : 334 	 time : 14.458

Test case : MK10
140 seeds result : [277, 258, 259, 281, 262, 265, 273, 277, 272, 276, 281, 282, 279, 271, 266, 268, 269, 268, 263, 260, 273, 273, 272, 296, 252, 259, 258, 264, 254, 277, 263, 274, 282, 277, 266, 275, 263, 273, 273, 271, 273, 297, 275, 272, 260, 260, 253, 268, 289, 273, 273, 282, 264, 280, 276, 260, 286, 267, 266, 262, 260, 267, 272, 265, 288, 288, 264, 278, 268, 273, 278, 286, 281, 276, 266, 275, 290, 271, 280, 269, 271, 267, 270, 285, 266, 276, 267, 264, 271, 262, 275, 262, 278, 280, 264, 281, 267, 270, 273, 268, 248, 256, 254, 257, 261, 256, 271, 248, 253, 258, 257, 258, 262, 253, 257, 255, 258, 254, 252, 243, 257, 249, 259, 250, 252, 262, 253, 257, 258, 266, 258, 285, 250, 253, 260, 246, 247, 255, 259, 259]
The best : 243 	 time : 43.319

